start_time = 24.953125
end_time = 611.140625
cost = 586.187500
